1111111111111111
1111111111111111
1111111111111111
1111111111111111
1111111111111111
1111111111111111
1111111111111111
1111111111111111
1111111111111111
1111111111111111
1111111111111111
1111111111111111
1111111111111111
1111111111111111
1111111111111111
1111111111111111
1111111111111111
1111111111111111
1111111111111111
1111111111111111
1111111111111111
1111111111111111
1111111111111111
1111111111111111
1111111111111111
1111111111111111
1111111111111111
1111111111111111
1111111111111111
1111111111111111
1111111111111111
1111111111111111
1111111111111111
1111111111111111
1111111111111111
1111111111111111
1111111111111111
1111111111111111
1111111111111111
1111111111111111
1111111111111111
1111111111111111
1111111111111111
1111111111111111
1111111111111111
1111111111111111
1111111111111111
1111111111111111
1111111111111111
1111111111111111
1111111111111111
1111111111111111
1111111111111111
1111111111111111
1111111111111111
1111111111111111
1111111111111111
1111111111111111
1111111111111111
1111111111111111
1111111111111111
1111111111111111
1111111111111111
1111111111111111
1111111111111111
1111111111111111
1111111111111111
1111111111111111
1111111111111111
1111111111111111
1111111111111111
1111111111111111
1111111111111111
1111111111111111
1111111111111111
1111111111111111
1111111111111111
1111111111111111
1111111111111111
1111111111111111
1111111111111111
1111111111111111
1111111111111111
1111111111111111
1111111111111111
1111111111111111
1111111111111111
1111111111111111
1111111111111111
1111111111111111
1111111111111111
1111111111111111
1111111111111111
1111111111111111
1111111111111111
1111111111111111
1111111111111111
1111111111111111
1111111111111111
1111111111111111
1111111111111111
1111111111111111
1111111111111111
1111111111111111
1111111111111111
1111111111111111
1111111111111111
1111111111111111
1111111111111111
1111111111111111
1111111111111111
1111111111111111
1111111111111111
1111111111111111
1111111111111111
1111111111111111
1111111111111111
1111111111111111
1111111111111111
1111111111111111
1111111111111111
1111111111111111
1111111111111111
1111111111111111
1111111111111111
1111111111111111
1111111111111111
1111111111111111
1111111111111111
1111111111111111
1111111111111111
1111111111111111
1111111111111111
1111111111111111
1111111111111111
1111111111111111
1111111111111111
1111111111111111
1111111111111111
1111111111111111
1111111111111111
1111111111111111
1111111111111111
1111111111111111
1111111111111111
1111111111111111
1111111111111111
1111111111111111
1111111111111111
1111111111111111
1111111111111111
1111111111111111
1111111111111111
1111111111111111
1111111111111111
1111111111111111
1111111111111111
1111111111111111
1111111111111111
1111111111111111
1111111111111111
1111111111111111
1111111111111111
1111111111111111
1111111111111111
1111111111111111
1111111111111111
1111111111111111
1111111111111111
1111111111111111
1111111111111111
1111111111111111
1111111111111111
1111111111111111
1111111111111111
1111111111111111
1111111111111111
1111111111111111
1111111111111111
1111111111111111
1111111111111111
1111111111111111
1111111111111111
1111111111111111
1111111111111111
1111111111111111
1111111111111111
1111111111111111
1111111111111111
1111111111111111
1111111111111111
1111111111111111
1111111111111111
1111111111111111
1111111111111111
1111111111111111
1111111111111111
1111111111111111
1111111111111111
1111111111111111
1111111111111111
1111111111111111
1111111111111111
1111111111111111
1111111111111111
1111111111111111
1111111111111111
1111111111111111
1111111111111111
1111111111111111
1111111111111111
1111111111111111
1111111111111111
1111111111111111
1111111111111111
1111111111111111
1111111111111111
1111111111111111
1111111111111111
1111111111111111
1111111111111111
1111111111111111
1111111111111111
1111111111111111
1111111111111111
1111111111111111
1111111111111111
1111111111111111
1111111111111111
1111111111111111
1111111111111111
1111111111111111
1111111111111111
1111111111111111
1111111111111111
1111111111111111
1111111111111111
1111111111111111
1111111111111111
1111111111111111
1111111111111111
1111111111111111
1111111111111111
1111111111111111
1111111111111111
1111111111111111
1111111111111111
1111111111111111
1111111111111111
1111111111111111
1111111111111111
1111111111111111
1111111111111111
1111111111111111
1111111111111111
1111111111111111
1111111111111111
1111111111111111
1111111111111111
1111111111111111
1111111111111111
1111111111111111
1111111111111111
1111111111111111
1111111111111111
1111111111111111
1111111111111111
1111111111111111
1111111111111111
1111111111111111
1111111111111111
1111111111111111
1111111111111111
1111111111111111
1111111111111111
1111111111111111
1111111111111111
1111111111111111
1111111111111111
1111111111111111
1111111111111111
1111111111111111
1111111111111111
1111111111111111
1111111111111111
1111111111111111
1111111111111111
1111111111111111
0000000011010000
0000000110111111
0000000111110101
0000001000100011
0000001001001111
0000001001101011
0000001001110100
0000001001101000
0000001001001011
0000001000100000
0000001000000011
0000000111100100
0000000110111110
0000000110000100
0000000100111100
0000000011101011
0000000001111011
0000000000000101
1111111101110111
1111111011100100
1111111001100011
1111110111011110
1111110101011001
1111110011101100
1111110001111000
1111110000010111
1111101110110111
1111101101001010
1111101011101011
1111101001110001
1111100111110000
1111100101101110
1111100011101100
1111100001111001
1111100000010001
1111011110101111
1111011101011100
1111011100010001
1111011011000011
1111011001111110
1111011000111111
1111011000001000
1111010111010001
1111010110101001
1111010110010101
1111010110001001
1111010110011110
1111010111000000
1111010111100110
1111011000011010
1111011000111111
1111011001101011
1111011010011111
1111011011001101
1111011100001001
1111011101000011
1111011101110111
1111011110101110
1111011111101101
1111100000111011
1111100001110111
1111100010110001
1111100011011111
1111100011111001
1111100100100100
1111100101010101
1111100110001001
1111100110110100
1111100111101111
1111101000111001
1111101001111001
1111101011001101
1111101100100011
1111101110000000
1111101111100111
1111110000110101
1111110001110111
1111110010100010
1111110011000010
1111110011001100
1111110011001010
1111110011011011
1111110011101101
1111110100001101
1111110100101100
1111110101101101
1111110110110001
1111111000001100
1111111001101101
1111111011000100
1111111100011111
1111111101011001
1111111110011001
1111111111010010
1111111111110111
0000000000010100
0000000000101011
0000000000111100
0000000001100010
0000000001111110
0000000010011100
0000000010110101
0000000011011100
0000000100001001
0000000100100000
0000000100001101
0000000011101001
0000000010110100
0000000001110101
0000000000110101
1111111111110110
1111111110111100
1111111110000000
1111111101011011
1111111100101001
1111111011110011
1111111011011001
1111111010111001
1111111010010001
1111111001011111
1111111000000101
1111110110100110
1111110101000111
1111110011011001
1111110001111011
1111110000010101
1111101110111101
1111101110000011
1111101101100111
1111101101100001
1111101101010110
1111101101010011
1111101101101110
1111101110010110
1111101111001011
1111101111111000
1111110000100100
1111110001010100
1111110010100001
1111110011101101
1111110100110111
1111110110100001
1111111000010010
1111111010001011
1111111011111110
1111111101110101
1111111111101110
0000000001101010
0000000011100110
0000000101010110
0000000111000100
0000001000110111
0000001010110110
0000001100100110
0000001110101100
0000010000101111
0000010010100100
0000010100000111
0000010101101010
0000010111001011
0000011000100010
0000011001100000
0000011010001001
0000011010101101
0000011010111100
0000011011000100
0000011010111110
0000011010101100
0000011010100101
0000011010100100
0000011010011100
0000011010011001
0000011010010110
0000011010010000
0000011010000100
0000011001111100
0000011001011000
0000011000100101
0000010111011110
0000010110001110
0000010100101101
0000010011001010
0000010001100001
0000010000010000
0000001111101101
0000001111010110
0000001111100110
0000001111110110
0000010000000101
0000010000101011
0000010001000111
0000010001010110
0000010001001100
0000010000100000
0000001111111000
0000001111001100
0000001110010011
0000001101101011
0000001100100100
0000001011110000
0000001010111111
0000001010001000
0000001001011000
0000001000011001
0000000111001010
0000000101111011
0000000100011001
0000000010101101
0000000001010000
1111111111110001
1111111110101101
1111111101111100
1111111101000101
1111111100001001
1111111011010010
1111111010100111
1111111010001000
1111111001001111
1111111000011010
1111110111010011
1111110110010000
1111110101100001
1111110100101000
1111110100000110
1111110011101100
1111110011101101
1111110011110101
1111110100010111
1111110101011100
1111110110101110
1111111000010011
1111111001111011
1111111011101100
1111111101011111
1111111111010101
0000000001001011
0000000010111001
0000000100100110
0000000110000100
0000000111100111
0000001001001000
0000001010111110
0000001100101111
0000001110001111
0000001111110111
0000010001010011
0000010011000101
0000010100100100
0000010101110110
0000010110101101
0000010111010111
0000010111111011
0000011000011001
0000011000111011
0000011001001111
0000011001111000
0000011010110010
0000011011010011
0000011011111010
0000011011110011
0000011011001101
0000011001111101
0000011000101010
0000010111011101
0000010110010100
0000010101000111
0000010100001011
0000010011011101
0000010011001101
0000010011011101
0000010011110000
0000010011111101
0000010011110100
0000010011101011
0000010011001010
0000010010001010
0000010001000101
0000001111101010
0000001101111100
0000001100100001
0000001011000100
0000001010000101
0000001001011110
0000001001010010
0000001001100110
0000001001110100
0000001010001001
0000001010010111
0000001010010100
0000001010001000
0000001001111101
0000001001001110
0000001000001101
0000000111000000
0000000101110111
0000000100110111
0000000011111000
0000000010111011
0000000010001001
0000000001011010
0000000000110011
0000000000010101
0000000000000010
1111111111110011
1111111111100010
1111111110111011
1111111110001000
1111111101010011
1111111100011010
1111111011010011
1111111010010010
1111111001011110
1111111001000111
1111111001001100
1111111001011011
1111111001011010
1111111001010010
1111111000111111
1111111000011010
1111110111011011
1111110110011101
1111110101010110
1111110101000010
1111110101000001
1111110101111101
1111110111101011
1111111001101101
1111111100000001
1111111101111010
1111111111000010
1111111111011000
1111111110101000
1111111100101101
1111111010010110
1111110111110001
1111110101010111
1111110011011111
1111110010000100
1111110001101000
1111110001110011
1111110010101000
1111110011000011
1111110010110010
1111110001111110
1111110000011011
1111101110100100
1111101100011111
1111101010100100
1111101001001101
1111101000100011
1111101001011010
1111101011010000
1111101101101101
1111110000111000
1111110011100111
1111110101111110
1111110111011110
1111111000010010
1111111000100011
1111111000011011
1111111000101011
1111111001111010
1111111100011111
0000000000110001
0000000110001101
0000001100010101
0000010011001010
0000011001110010
0000011111101010
0000100100001110
0000100111011101
0000101001110000
0000101010110100
0000101010111000
0000101010001101
0000101001001110
0000100111111110
0000100110011111
0000100100011010
0000100001101001
0000011110011011
0000011010111010
0000010111001111
0000010011010100
0000001111010011
0000001010111111
0000000110010000
0000000001100010
1111111100101100
1111110111011111
1111110001111110
1111101100001100
1111100101110011
1111011111000011
1111010111100010
1111001111100010
1111000110111100
1110111110010110
1110110101110010
1110101101010001
1110100101011010
1110011110000101
1110010111011110
1110010001011100
1110001011111000
1110000111011010
1110000011110101
1110000000111100
1101111110100111
1101111101000011
1101111100100111
1101111101010000
1101111111001011
1110000001111100
1110000101100001
1110001010000001
1110001110111100
1110010100011111
1110011010100010
1110100001000001
1110101000000001
1110101110111000
1110110110001101
1110111101111111
1111000110010010
1111001111011111
1111011001000101
1111100011000101
1111101100110011
1111110110000010
1111111110111000
0000000110101001
0000001101011010
0000010010110110
0000010110110110
0000011010000100
0000011100010110
0000011110100000
0000100000101000
0000100011001000
0000100110000110
0000101001101011
0000101101011011
0000110001001001
0000110100010001
0000110110100011
0000111000010100
0000111001100011
0000111010011111
0000111010111100
0000111011100100
0000111100011010
0000111101101001
0000111111100000
0001000001101100
0001000100010101
0001000111000001
0001001001100110
0001001011111100
0001001110000001
0001010000000110
0001010010000100
0001010100010100
0001010110101100
0001011001000101
0001011011010000
0001011101001101
0001011110110010
0001011111101111
0001011111110100
0001011111000000
0001011100111011
0001011001110101
0001010101111011
0001010001010001
0001001011110011
0001000101110011
0000111111101010
0000111001010101
0000110011000101
0000101100100011
0000100101011010
0000011110000111
0000010110011001
0000001110100101
0000000101110111
1111111100110001
1111110011000000
1111101001001011
1111011110111011
1111010100011100
1111001010000101
1110111111110011
1110110101110110
1110101100000101
1110100010100110
1110011001111110
1110010010011010
1110001011100000
1110000101101001
1110000000111000
1101111101111011
1101111100110010
1101111101001110
1101111111110000
1110000011101011
1110001001111000
1110010001010101
1110011010001110
1110100011101100
1110101101100101
1110110111110111
1111000001110111
1111001100011011
1111010111000111
1111100010001100
1111101101011110
1111111001010111
0000000101101111
0000010010100111
0000011111011100
0000101011111000
0000111000000001
0001000011010110
0001001110001101
0001011000000011
0001100000110011
0001101000111010
0001110000010000
0001110111000101
0001111101011001
0010000010111000
0010000111100000
0010001010010111
0010001011101010
0010001011011111
0010001010010110
0010001000001010
0010000101010101
0010000001100111
0001111101010000
0001111000011101
0001110011101011
0001101110110111
0001101001100001
0001100011111110
0001011101110111
0001010111000101
0001010000011100
0001001001101111
0001000011001101
0000111101000110
0000110111101011
0000110010110100
0000101101111111
0000101001011110
0000100100011110
0000011111001100
0000011001101011
0000010011111011
0000001110001100
0000001000101000
0000000100000011
0000000000101100
1111111110011000
1111111101010000
1111111101011000
1111111101111010
1111111110100100
1111111110000110
1111111100110011
1111111010010011
1111110111000101
1111110011000010
1111101110011000
1111101010000001
1111100110101101
1111100100001001
1111100010010011
1111100000111111
1111011111111000
1111011111010000
1111011110000100
1111011100011110
1111011001101100
1111010110011110
1111010011001010
1111001111100111
1111001100001100
1111001001000010
1111000110010111
1111000100100000
1111000011011110
1111000011000111
1111000011100101
1111000100011111
1111000101110000
1111000110110001
1111000111100011
1111001000101010
1111001001100100
1111001011010101
1111001101011011
1111010000010101
1111010100001110
1111011001010101
1111011111010101
1111100101110101
1111101100101000
1111110011101101
1111111010011011
0000000000110011
0000000110110101
0000001100100011
0000010001110111
0000010110111101
0000011011101100
0000100000000011
0000100011111101
0000100111110001
0000101011010101
0000101110011110
0000110001011011
0000110011101100
0000110101001011
0000110110000001
0000110110000110
0000110101110001
0000110101000011
0000110100010100
0000110011100001
0000110010010100
0000110001000001
0000101111100011
0000101101101110
0000101011100001
0000101000101101
0000100101001100
0000100000100100
0000011011100110
0000010110110001
0000010001100110
0000001100110000
0000001000001100
0000000100010010
0000000001001101
1111111111000000
1111111101011001
1111111011100000
1111111001100110
1111110111010011
1111110100111110
1111110010000111
1111101110111100
1111101011100011
1111100111111010
1111100100101011
1111100001011100
1111011110110011
1111011100011010
1111011010101100
1111011001000101
1111010111100100
1111010110011001
1111010100111101
1111010011100110
1111010001101001
1111001111001011
1111001100011110
1111001001001110
1111000110010010
1111000011001111
1111000000011100
1110111110010111
1110111101000110
1110111100001000
1110111011011101
1110111011010100
1110111011101000
1110111100100010
1110111101100110
1110111111011111
1111000001101001
1111000011011100
1111000100110010
1111000100011111
1111000010111010
1111000000000011
1110111011001111
1110110100111000
1110101101011100
1110100110100110
1110100001000000
1110011100100100
1110011001110110
1110011001000000
1110011010001100
1110011100010000
1110011110011000
1110100000000001
1110100001001000
1110100010001011
1110100010100100
1110100010110110
1110100100000001
1110100111010101
1110101100101000
1110110011111110
1110111100011101
1111000110111011
1111010001111001
1111011100101100